image: KI_1F_ouster.pgm
resolution: 0.050000
origin: [-42.800002, -68.749998, 0.000]
negate: 0
occupied_thresh: 0.65
free_thresh: 0.196

