image: KI_2F_ouster.pgm
resolution: 0.050000
origin: [-45.550002, -51.800002, 0.000]
negate: 0
occupied_thresh: 0.65
free_thresh: 0.196

